13    F
WVL(um)   K         N         nmon        a    df   rmon      xv   ang  rcore     KSHELL    NSHELL
0.200     0.79      1.95      200.        1.0  2.0  0.02      1.0  0.0  0.02      0.00      1.5
0.300     0.79      1.95      200.        1.0  2.0  0.02      1.0  0.0  0.02      0.00      1.5
0.400     0.79      1.95      200.        1.0  2.0  0.02      1.0  0.0  0.02      0.00      1.5
0.450     0.79      1.95      200.        1.0  2.0  0.02      1.0  0.0  0.02      0.00      1.5
0.500     0.79      1.95      200.        1.0  2.0  0.02      1.0  0.0  0.02      0.00      1.5
0.550     0.79      1.95      200.        1.0  2.0  0.02      1.0  0.0  0.02      0.00      1.5
0.600     0.79      1.95      200.        1.0  2.0  0.02      1.0  0.0  0.02      0.00      1.5
0.650     0.79      1.95      200.        1.0  2.0  0.02      1.0  0.0  0.02      0.00      1.5
0.700     0.79      1.95      200.        1.0  2.0  0.02      1.0  0.0  0.02      0.00      1.5
0.750     0.79      1.95      200.        1.0  2.0  0.02      1.0  0.0  0.02      0.00      1.5
0.800     0.79      1.95      200.        1.0  2.0  0.02      1.0  0.0  0.02      0.00      1.5

