8     F
WVL(um)   K         N         nmon        a    df   rmon      xv   ang  rcore     KSHELL    NSHELL
0.200     1.02666   1.50382   300.        1.0  2.0  0.02      1.0  0.0  0.006     0.00      1.55
0.300     0.788211  1.62530   300.        1.0  2.0  0.02      1.0  0.0  0.006     0.00      1.55
0.400     0.672508  1.68586   300.        1.0  2.0  0.02      1.0  0.0  0.006     0.00      1.55
0.500     0.612288  1.72254   300.        1.0  2.0  0.02      1.0  0.0  0.006     0.00      1.55
0.600     0.581721  1.74797   300.        1.0  2.0  0.02      1.0  0.0  0.006     0.00      1.55
0.670     0.571197  1.76207   300.        1.0  2.0  0.02      1.0  0.0  0.006     0.00      1.55
0.700     0.568663  1.76749   300.        1.0  2.0  0.02      1.0  0.0  0.006     0.00      1.55
0.800     0.566641  1.78370   300.        1.0  2.0  0.02      1.0  0.0  0.006     0.00      1.55




