8     T
WVL(um)   K         N         nmon        a    df   rmon      xv   ang  rcore     KSHELL    NSHELL
0.200     1.02666   1.50382   1.00        1.0  2.0  0.134     1.0  0.0  0.0402    0.00      1.55
0.300     0.788211  1.62530   1.00        1.0  2.0  0.134     1.0  0.0  0.0402    0.00      1.55
0.400     0.672508  1.68586   1.00        1.0  2.0  0.134     1.0  0.0  0.0402    0.00      1.55
0.500     0.612288  1.72254   1.00        1.0  2.0  0.134     1.0  0.0  0.0402    0.00      1.55
0.600     0.581721  1.74797   1.00        1.0  2.0  0.134     1.0  0.0  0.0402    0.00      1.55
0.670     0.571197  1.76207   1.00        1.0  2.0  0.134     1.0  0.0  0.0402    0.00      1.55
0.700     0.568663  1.76749   1.00        1.0  2.0  0.134     1.0  0.0  0.0402    0.00      1.55
0.800     0.566641  1.78370   1.00        1.0  2.0  0.134     1.0  0.0  0.0402    0.00      1.55





