29    F
WVL(um)   K         N         nmon        a    df   rmon      xv   ang  rcore     KSHELL    NSHELL
0.670     0.571197  1.76207   300.        1.2  1.8  0.0341995 1.0  0.0  0.02      0.00      1.55             ! Fsoot = 0.2
0.670     0.571197  1.76207   300.        1.2  1.8  0.0298760 1.0  0.0  0.02      0.00      1.55             ! Fsoot = 0.3
0.670     0.571197  1.76207   300.        1.2  1.8  0.0271442 1.0  0.0  0.02      0.00      1.55             ! Fsoot = 0.4
0.670     0.571197  1.76207   300.        1.2  1.8  0.0251984 1.0  0.0  0.02      0.00      1.55             ! Fsoot = 0.5
0.670     0.571197  1.76207   300.        1.2  1.8  0.0237126 1.0  0.0  0.02      0.00      1.55             ! Fsoot = 0.6
0.670     0.571197  1.76207   300.        1.2  1.8  0.0225250 1.0  0.0  0.02      0.00      1.55             ! Fsoot = 0.7
0.670     0.571197  1.76207   300.        1.2  1.8  0.0215443 1.0  0.0  0.02      0.00      1.55             ! Fsoot = 0.8
0.670     0.571197  1.76207   300.        1.2  1.8  0.0207149 1.0  0.0  0.02      0.00      1.55             ! Fsoot = 0.9
0.670     0.571197  1.76207   300.        1.2  1.8  0.0200000 1.0  0.0  0.02      0.00      1.55             ! Fsoot = 1.0
0.670     0.571197  1.76207   300.        1.2  2.2  0.0341995 1.0  0.0  0.02      0.00      1.55             ! Fsoot = 0.2
0.670     0.571197  1.76207   300.        1.2  2.2  0.0298760 1.0  0.0  0.02      0.00      1.55             ! Fsoot = 0.3
0.670     0.571197  1.76207   300.        1.2  2.2  0.0271442 1.0  0.0  0.02      0.00      1.55             ! Fsoot = 0.4
0.670     0.571197  1.76207   300.        1.2  2.2  0.0251984 1.0  0.0  0.02      0.00      1.55             ! Fsoot = 0.5
0.670     0.571197  1.76207   300.        1.2  2.2  0.0237126 1.0  0.0  0.02      0.00      1.55             ! Fsoot = 0.6
0.670     0.571197  1.76207   300.        1.2  2.2  0.0225250 1.0  0.0  0.02      0.00      1.55             ! Fsoot = 0.7
0.670     0.571197  1.76207   300.        1.2  2.2  0.0215443 1.0  0.0  0.02      0.00      1.55             ! Fsoot = 0.8
0.670     0.571197  1.76207   300.        1.2  2.2  0.0207149 1.0  0.0  0.02      0.00      1.55             ! Fsoot = 0.9
0.670     0.571197  1.76207   300.        1.2  2.2  0.0200000 1.0  0.0  0.02      0.00      1.55             ! Fsoot = 1.0
0.670     0.571197  1.76207   300.        1.2  2.9  0.0341995 1.0  0.0  0.02      0.00      1.55             ! Fsoot = 0.2
0.670     0.571197  1.76207   300.        1.2  2.9  0.0298760 1.0  0.0  0.02      0.00      1.55             ! Fsoot = 0.3
0.670     0.571197  1.76207   300.        1.2  2.9  0.0271442 1.0  0.0  0.02      0.00      1.55             ! Fsoot = 0.4
0.670     0.571197  1.76207   300.        1.2  2.9  0.0251984 1.0  0.0  0.02      0.00      1.55             ! Fsoot = 0.5
0.670     0.571197  1.76207   300.        1.2  2.9  0.0237126 1.0  0.0  0.02      0.00      1.55             ! Fsoot = 0.6
0.670     0.571197  1.76207   300.        1.2  2.9  0.0225250 1.0  0.0  0.02      0.00      1.55             ! Fsoot = 0.7
0.670     0.571197  1.76207   300.        1.2  2.9  0.0215443 1.0  0.0  0.02      0.00      1.55             ! Fsoot = 0.8
0.670     0.571197  1.76207   300.        1.2  2.9  0.0207149 1.0  0.0  0.02      0.00      1.55             ! Fsoot = 0.9
0.670     0.571197  1.76207   300.        1.2  2.9  0.0200000 1.0  0.0  0.02      0.00      1.55             ! Fsoot = 1.0



