   13
        WVL(um)           QEXT           QSCA       SINGSCAT           ASYM
      0.2000000      7.2764968      2.5839721      0.3551121      0.6806770
      0.2500000      5.1828360      1.7488158      0.3374245      0.6758075
      0.3000000      3.9058988      1.2217353      0.3127924      0.6711657
      0.3500000      3.0860505      0.8848282      0.2867186      0.6647192
      0.4000000      2.5289407      0.6617237      0.2616604      0.6565377
      0.4500000      2.1314513      0.5084427      0.2385430      0.6469880
      0.5000000      1.8362740      0.3995971      0.2176130      0.6364031
      0.5500000      1.6097874      0.3200660      0.1988250      0.6250377
      0.6000000      1.4312642      0.2605166      0.1820185      0.6130796
      0.6500000      1.2873584      0.2149839      0.1669962      0.6006674
      0.7000000      1.1691485      0.1795335      0.1535592      0.5879050
      0.7500000      1.0704746      0.1514948      0.1415211      0.5748715
      0.8000000      0.9869625      0.1290094      0.1307136      0.5616290
