    8
        WVL(um)           QEXT           QSCA       SINGSCAT           ASYM
      0.2000000      2.6587688      1.3423969      0.5048942      0.7804717
      0.3000000      2.7454847      1.2473441      0.4543257      0.7464110
      0.4000000      2.7928494      1.2189025      0.4364369      0.6779040
      0.5000000      2.6594214      1.1183718      0.4205320      0.5799023
      0.6000000      2.4844593      0.9915945      0.3991188      0.4671880
      0.6700000      2.3119960      0.8743608      0.3781844      0.3913238
      0.7000000      2.2243573      0.8196539      0.3684902      0.3603031
      0.8000000      1.9134836      0.6372832      0.3330487      0.2713735
