    8
        WVL(um)           QEXT           QSCA       SINGSCAT           ASYM
      0.2000000      4.3229678      4.0175740      0.9293555      0.6998135
      0.3000000      3.3985734      3.1428869      0.9247665      0.6730937
      0.4000000      2.2794797      2.0997171      0.9211387      0.6002359
      0.5000000      1.4313916      1.3042421      0.9111707      0.5991283
      0.6000000      0.8412002      0.7481575      0.8893929      0.4411249
      0.6700000      0.6282699      0.5510922      0.8771583      0.3387808
      0.7000000      0.5564213      0.4849101      0.8714800      0.3050341
      0.8000000      0.3731097      0.3166824      0.8487649      0.2242622
