    8
        WVL(um)           QEXT           QSCA       SINGSCAT           ASYM
      0.2000000      1.8118121      1.4860557      0.8202040      0.7243460
      0.3000000      0.7522592      0.6184112      0.8220719      0.6936483
      0.4000000      0.3904670      0.3120955      0.7992878      0.7007550
      0.5000000      0.2389940      0.1844205      0.7716535      0.6676011
      0.6000000      0.1600924      0.1180134      0.7371581      0.6461478
      0.6700000      0.1265046      0.0899750      0.7112392      0.6232006
      0.7000000      0.1152324      0.0805820      0.6993002      0.6158193
      0.8000000      0.0872985      0.0574614      0.6582178      0.5881687
